4294967278,104
4294967278,103
4294967278,102
4294967278,101
4294967278,100
4294967278,99
4294967278,98
4294967278,97
4294967279,104
4294967279,103
4294967279,101
4294967279,100
4294967279,99
4294967279,98
4294967279,97
4294967294,180
4294967294,189
4294967294,30
4294967294,164
4294967294,1094
4294967294,1092
4294967294,1091
4294967294,1090
4294967294,1011
4294967294,60
4294967294,165
4294967294,177
4294967294,10
4294967294,1031
4294967294,1029
4294967294,1025
4294967294,986
4294967294,983
4294967294,981
4294967294,970
4294967294,969
4294967294,401
4294967294,190
4294967294,185
4294967294,182
4294967294,175
4294967294,176
4294967294,18
4294967294,127
4294967294,14
4294967294,126
4294967294,20
4294967294,13
4294967294,166
4294967294,24
4294967294,12
4294967294,160
4294967294,903
4294967278,96
4294967278,95
4294967279,96
4294967279,95
4294967279,94
4294967278,505
4294967279,407
4294967278,504
4294967278,227
909,8
909,0
909,7
4294967278,465
4294967278,94
4294967278,297
4294967278,93
4294967278,464
4294967278,378
4294967278,90
4294967278,225
4294967278,89
4294967278,87
4294967278,235
4294967278,84
4294967278,415
4294967278,83
4294967278,462
4294967278,81
4294967278,460
4294967278,79
4294967278,76
4294967278,424
4294967278,74
4294967278,73
4294967278,72
4294967279,93
4294967279,92
4294967279,416
4294967279,86
4294967279,415
4294967279,83
4294967279,73
4294967279,72
4294967278,503
4294967279,535
4294967278,421
4294967278,502
919,5
919,4
919,3
919,2
919,1
917,4
917,3
917,2
917,1
4294967294,879
4294967279,534
916,5
916,4
916,3
916,2
916,1
4294967294,1156
4294967294,1030
4294967294,438
914,5
914,4
914,3
914,2
914,1
4294967278,457
4294967279,533
912,5
912,4
912,3
912,2
912,1
910,4
0,5
910,3
910,2
910,1
4294967294,191
4294967294,1670
4294967294,118
4294967294,113
4294967294,405
4294967279,532
4294967278,501
909,6
909,5
909,4
909,3
909,2
909,1
4294967279,531
4294967278,500
4294967279,198
4294967279,200
4294967279,199
4294967278,80
4294967279,197
4294967279,196
4294967278,461
4294967279,195
4294967279,194
4294967278,78
4294967278,459
4294967278,77
4294967278,458
4294967294,2177
4294967294,2176
4294967279,189
4294967279,188
4294967279,184
906,5
906,4
906,3
906,2
906,1
4294967279,183
4294967278,175
4294967278,173
4294967279,409
904,5
904,4
904,3
904,2
904,1
4294967294,932
4294967294,985
4294967294,972
4294967294,979
4294967294,163
4294967278,499
902,5
902,4
902,3
902,2
902,1
900,4
900,3
900,2
900,1
4294967278,147
4294967279,530
4294967278,402
4294967279,142
899,5
899,4
899,3
899,2
899,1
4294967279,529
4294967278,498
897,5
897,4
897,3
897,2
897,1
4294967294,418
4294967294,416
895,5
895,4
895,3
895,2
895,1
893,4
893,3
893,2
893,1
892,6
892,5
4294967294,982
892,4
892,3
892,2
892,1
891,5
891,4
891,3
891,2
891,1
4294967278,206
890,4
890,3
890,2
890,1
888,7
888,6
4294967278,193
4294967278,192
888,5
888,4
888,3
888,2
888,1
4294967279,187
4294967279,186
4294967279,528
4294967279,185
4294967279,182
4294967278,324
4294967278,71
4294967278,70
4294967278,69
4294967278,68
4294967279,294
4294967279,70
4294967279,69
4294967279,68
4294967279,66
4294967279,65
886,8
4294967279,67
886,7
4294967279,177
4294967294,934
4294967294,415
4294967294,167
4294967294,1433
4294967294,1668
4294967294,467
4294967294,119
4294967294,1674
4294967294,109
4294967294,402
4294967279,412
4294967278,176
886,6
4294967279,176
4294967279,411
4294967278,452
886,5
886,4
4294967279,171
886,3
886,2
886,1
4294967278,301
4294967278,497
4294967278,496
4294967278,233
4294967279,281
4294967278,151
4294967279,527
4294967294,170
4294967294,1032
4294967294,161
4294967294,984
4294967294,978
4294967278,453
4294967279,526
4294967278,136
4294967279,525
4294967279,276
4294967279,475
4294967279,524
4294967294,68
4294967278,455
4294967278,454
4294967278,63
4294967278,62
4294967278,61
4294967278,60
4294967278,59
4294967278,57
4294967278,56
4294967279,174
4294967279,63
4294967279,62
4294967279,61
4294967279,60
4294967279,59
371,2
875,8
875,0
875,7
4294967279,523
4294967278,313
4294967278,254
4294967279,480
4294967294,1704
4294967279,522
885,5
885,4
885,3
885,2
885,1
4294967294,1703
4294967294,1050
4294967278,211
883,4
883,3
883,2
883,1
4294967279,521
4294967278,201
882,5
882,4
882,3
882,2
882,1
4294967278,197
4294967294,396
4294967294,407
4294967294,168
4294967294,403
4294967294,184
880,5
880,4
880,3
880,2
880,1
4294967278,183
4294967294,1158
4294967294,1157
4294967278,58
4294967279,520
4294967279,175
4294967278,170
4294967278,172
878,5
4294967279,173
878,4
4294967278,171
878,3
878,2
878,1
4294967278,451
4294967279,172
4294967278,169
4294967279,167
4294967279,166
876,4
876,3
876,2
876,1
4294967278,163
4294967294,1035
4294967294,976
4294967294,973
4294967294,1024
4294967294,977
4294967294,1026
4294967294,975
4294967294,162
4294967294,1544
4294967279,466
4294967278,159
4294967279,160
4294967278,450
4294967279,159
4294967278,157
4294967279,158
875,6
875,5
875,4
875,3
875,2
875,1
4294967279,399
4294967294,1702
4294967278,146
4294967279,425
4294967278,142
4294967279,144
4294967278,141
4294967279,447
4294967278,272
4294967278,268
872,5
872,4
872,3
872,2
872,1
4294967278,282
4294967279,269
4294967294,93
4294967294,95
4294967294,417
4294967279,519
4294967278,449
4294967279,264
4294967279,263
4294967278,320
870,5
870,4
870,3
870,2
870,1
4294967278,319
4294967278,317
4294967278,316
4294967294,1701
4294967279,518
4294967278,246
868,5
868,4
868,3
868,2
868,1
4294967278,236
866,4
866,3
866,2
866,1
4294967278,230
4294967278,448
4294967294,395
4294967294,399
4294967294,178
4294967294,385
4294967294,398
4294967294,183
4294967294,406
4294967294,411
4294967294,384
4294967294,1673
4294967294,1672
4294967294,397
4294967294,386
4294967279,280
865,5
865,4
865,3
865,2
865,1
4294967278,208
4294967278,203
4294967278,202
4294967278,200
863,5
4294967278,199
863,4
863,3
863,2
863,1
4294967278,196
4294967278,195
4294967278,194
4294967293,131
4294967293,130
4294967293,129
4294967293,128
4294967293,127
4294967293,126
4294967293,125
4294967293,124
4294967293,123
4294967293,122
4294967293,121
4294967293,120
4294967293,119
4294967293,118
4294967293,117
4294967293,116
4294967293,115
4294967293,114
4294967293,113
4294967293,112
4294967293,111
4294967293,110
4294967293,109
4294967293,108
4294967293,107
4294967293,106
4294967293,105
4294967293,104
4294967293,103
4294967293,102
4294967293,101
4294967293,100
4294967293,99
4294967293,98
4294967293,97
4294967293,96
4294967293,95
4294967293,94
4294967293,93
4294967293,92
4294967293,91
4294967293,90
4294967293,89
4294967293,87
4294967293,86
4294967293,85
4294967293,84
4294967293,83
4294967293,82
4294967293,81
4294967293,80
4294967293,79
4294967293,78
4294967293,77
4294967293,76
4294967293,75
4294967293,74
4294967293,73
4294967293,72
4294967293,71
4294967293,70
4294967293,69
4294967293,68
4294967293,67
4294967293,66
4294967293,65
4294967293,64
4294967293,63
4294967293,62
4294967293,61
4294967293,60
4294967293,59
4294967293,58
4294967293,57
4294967293,56
4294967293,55
4294967293,54
4294967293,53
4294967293,52
4294967293,51
4294967293,50
4294967293,49
4294967293,48
4294967293,47
4294967293,46
4294967293,45
4294967293,44
4294967293,43
4294967293,42
4294967293,41
4294967293,40
4294967293,39
4294967293,38
4294967293,37
4294967293,36
4294967293,35
4294967293,34
4294967293,33
4294967293,32
4294967293,31
4294967293,30
4294967293,29
4294967293,28
4294967293,27
4294967293,26
4294967293,25
4294967293,24
4294967293,23
4294967293,22
4294967293,21
4294967293,20
4294967293,19
4294967293,18
4294967293,17
4294967293,16
4294967293,15
4294967293,14
4294967293,13
4294967293,12
4294967293,11
4294967293,10
4294967293,9
4294967293,8
4294967293,7
4294967293,6
4294967293,5
4294967293,4
4294967293,3
4294967278,291
4294967278,429
4294967278,406
4294967278,335
4294967278,75
4294967278,65
4294967278,374
4294967278,64
4294967278,339
4294967278,354
4294967278,55
4294967278,285
4294967278,54
4294967278,332
4294967278,52
4294967278,50
4294967278,49
4294967278,47
4294967278,348
4294967278,46
4294967278,299
4294967278,45
4294967278,344
4294967278,43
4294967278,42
4294967278,40
4294967278,413
4294967278,39
4294967278,337
4294967278,343
4294967278,174
4294967278,2
4294967278,347
4294967278,260
4294967279,80
4294967279,75
4294967279,395
4294967279,302
4294967279,54
4294967279,51
4294967279,50
4294967279,316
4294967279,48
4294967279,393
4294967279,43
4294967279,41
4294967279,39
4294967279,38
4294967279,37
4294967279,36
4294967279,34
4294967279,33
4294967279,27
4294967279,408
4294967279,25
4294967279,432
4294967279,24
4294967279,23
4294967279,22
4294967279,507
4294967279,20
4294967279,275
4294967279,19
4294967279,413
4294967279,18
4294967279,17
4294967279,487
4294967279,15
4294967279,314
4294967279,435
4294967279,14
4294967279,2
4294967279,260
4294967279,424
4294967279,9
4294967279,231
4294967279,4
4294967279,517
4294967279,79
4294967279,516
4294967278,191
4294967279,78
4294967294,36
4294967294,39
4294967278,189
4294967279,76
4294967279,190
4294967278,188
861,5
861,4
861,3
861,2
861,1
4294967278,184
4294967278,182
4294967278,181
4294967278,180
4294967279,181
4294967278,179
4294967279,180
4294967278,178
859,4
4294967279,179
859,3
859,2
859,1
4294967278,177
4294967279,178
4294967294,388
4294967294,115
4294967294,120
858,6
4294967279,317
4294967279,515
4294967278,329
858,5
4294967279,55
4294967279,170
4294967278,168
858,4
4294967279,169
858,3
858,2
858,1
4294967279,394
4294967278,167
4294967294,1700
4294967279,168
4294967278,166
4294967279,514
4294967279,52
4294967278,414
